104
150
22
169
8
35
123
187
193
166
178
162
116
47
49
90
121
48
188
30
124
199
189
196
198
136
148
74
138
102
1
142
151
34
130
110
84
58
61
81
20
202
184
50
171
165
16
105
208
38
112
183
13
31
77
64
39
95
91
164
56
111
29
118
6
4
69
28
27
33
106
176
2
159
10
180
175
45
73
170
78
177
55
75
25
114
96
83
154
70
143
127
99
195
97
133
210
209
17
122
37
87
186
14
157
52
140
21
192
152
173
5
206
12
88
46
181
67
137
94
207
205
54
156
147
132
131
86
174
76
80
53
60
185
44
89
93
126
26
100
42
65
32
203
115
71
129
211
101
117
163
160
82
9
168
98
153
141
7
79
23
3
139
107
120
135
103
24
161
11
59
36
191
51
182
149
62
201
155
85
200
158
40
43
125
18
15
41
167
172
109
113
146
72
66
19
119
57
204
128
213
145
63
144
179
134
197
212
108
68
190
194
92
